read_bw_MBps: 114570.568359375
read_iops: 29330065.629016
read_clat_mean_us: 1321.865086
read_clat_stddev: 1038.766358
read_clat_90%_us: 2064
read_clat_95%_us: 2256
read_clat_99%_us: 2544
read_slat_mean_us: 0.0
read_slat_stddev: 0.0
write_bw_MBps: 0.0
write_iops: 0.0
write_clat_mean_us: 0.0
write_clat_stddev: 0.0
write_slat_mean_us: 0.0
write_slat_stddev: 0.0
latency_2us%: 53.529537
latency_4us%: 11.160425
latency_10us%: 0.105732
latency_20us%: 0.417486
latency_50us%: 0.01
latency_100us%: 0.01
latency_250us%: 0.01
latency_500us%: 0.01
latency_750us%: 0.01
latency_1000us%: 0.01
latency_2ms%: 0.0
latency_4ms%: 0.0
latency_10ms%: 0.01
latency_20ms%: 0.01
latency_50ms%: 0.0
latency_100ms%: 0.0
latency_250ms%: 0.0
latency_500ms%: 0.0
latency_750ms%: 0.0
latency_1000ms%: 0.0
latency_2000ms%: 0.0
latency_>=2000ms%: 0.0
workload: 5866101116
