elapsed_time: 28.094
elapsed_time_stddev: 0.182565
user_time: 184.74
user_time_stddev: 0.397052
system_time: 20.72
system_time_stddev: 0.18262
percent_cpu: 730.8
percent_cpu_stddev: 5.54076
context_switches: 20525.8
context_switches_stddev: 1393.89
sleeps: 23456.6
sleeps_stddev: 16.2111
