elapsed_time: 7.770000
user_time: 205.550000
system_time: 32.020000
percent_cpu: 3054.000000
context_switches: 8621.000000
sleeps: 24101.000000
