time: 1.01276389
i.cpu-cycles: 3919563540.1258235
i.instructions: 4898902447.045184
i.cache-references: 20996134.646941252
i.cache-misses: 20996134.646941252
i.branch-instructions: 1057501371.8153005
i.branch-misses: 63176149.576186016
i.dTLB-loads: 939165666.7379798
i.dTLB-load-misses: 640113.6596605948
i.dTLB-stores: 405247195.3754196
i.dTLB-store-misses: 196820.8009470006
i.iTLB-loads: 317172.64327028877
i.iTLB-load-misses: 207628.848220487
i.node-loads: 0.0
i.node-load-misses: 0.0
i.node-stores: 0.0
i.node-store-misses: 0.0
i.msec: 31927.974841204104
i.page-faults: 8501.487943058475
i.context-switches: 5188.771096489232
i.cpu-migrations: 24.684924341052483
i.minor-faults: 8501.487943058475
i.major-faults: 0.0
i.ipc: 1.2498591735772506
i.cpi: 0.8000901390657293
i.MPKI: 4.285885435339757
i.cache-miss-rate%: 100.0
i.cycles-between-cache-misses: 186.68024405610444
i.branch-miss-rate%: 5.9740962290893505
i.dTLB-load-miss-rate%: 0.06811127075529977
i.dTLB-store-miss-rate%: 0.04854450752613507
i.iTLB-load-miss-rate%: 39.563311382878645
i.instructions-per-iTLB-miss: 23594.517279424002
i.metric.GHz: 0.246
i.metric.M/sec: 151.805
i.metric.K/sec: 1.3930000000000002
ps.cpu-cycles: 1971239547.1627846
ps.instructions: 2463771831.3396716
ps.cache-references: 10559443.80793906
ps.cache-misses: 10559443.80793906
ps.branch-instructions: 531842003.3150676
ps.branch-misses: 31772753.06475871
ps.dTLB-loads: 472328228.55372816
ps.dTLB-load-misses: 321928.0278746438
ps.dTLB-stores: 203808227.5546391
ps.dTLB-store-misses: 98985.7525102214
ps.iTLB-loads: 159513.4895229883
ps.iTLB-load-misses: 104421.3705312058
ps.node-loads: 0.0
ps.node-load-misses: 0.0
ps.node-stores: 0.0
ps.node-store-misses: 0.0
ps.msec: 16057.32016421899
ps.page-faults: 4275.595757416014
ps.context-switches: 2609.553508155767
ps.cpu-migrations: 12.41462182757263
ps.minor-faults: 4275.595757416014
ps.major-faults: 0.0
total.instructions: 4961431499.0
overall.ipc: 1.2498591735772506
overall.cpi: 0.8000901390657293
overall.MPKI: 4.285885435339757
overall.cache-miss-rate%: 100.0
overall.cycles-between-cache-misses: 186.68024405610444
overall.branch-miss-rate%: 5.9740962290893505
overall.dTLB-load-miss-rate%: 0.06811127075529977
overall.dTLB-store-miss-rate%: 0.04854450752613507
overall.iTLB-load-miss-rate%: 39.563311382878645
overall.instructions-per-iTLB-miss: 23594.517279424002
