time: 1.01718494
i.cpu-cycles: 4581232280.139736
i.instructions: 4523565089.353368
i.cache-references: 30839648.491060045
i.cache-misses: 30839683.882854186
i.branch-instructions: 927522249.788716
i.branch-misses: 56666341.32432201
i.dTLB-loads: 933680005.1325967
i.dTLB-load-misses: 697603.72189545
i.dTLB-stores: 422884834.49233925
i.dTLB-store-misses: 225664.96118198527
i.iTLB-loads: 215180.14216765735
i.iTLB-load-misses: 272580.7167377056
i.node-loads: 0.0
i.node-load-misses: 0.0
i.node-stores: 0.0
i.node-store-misses: 0.0
i.cpu-clock: 16407.606270694494
i.task-clock: 16407.606270694494
i.page-faults: 11454.160931639433
i.context-switches: 8629.699138093807
i.cpu-migrations: 54.07079660459779
i.minor-faults: 11454.160931639433
i.major-faults: 0.0
i.ipc: 0.987412297115699
i.cpi: 1.0127481730995964
i.MPKI: 6.81755382798493
i.cache-miss-rate%: 100.0001147606924
i.cycles-between-cache-misses: 148.54991048357488
i.branch-miss-rate%: 6.10943202033485
i.dTLB-load-miss-rate%: 0.07465972164622856
i.dTLB-store-miss-rate%: 0.05333475805338048
i.iTLB-load-miss-rate%: 55.884089869251405
i.instructions-per-iTLB-miss: 16595.323189006907
i.metric.GHz: 0.279
i.metric.M/sec: 141.116
i.metric.K/sec: 1.9249999999999998
ps.cpu-cycles: 2173225121.7851176
ps.instructions: 2145869209.6513877
ps.cache-references: 14629578.844613813
ps.cache-misses: 14629595.633619789
ps.branch-instructions: 439993986.5511481
ps.branch-misses: 26881133.501903657
ps.dTLB-loads: 442915075.8539415
ps.dTLB-load-misses: 330926.2313649262
ps.dTLB-stores: 200606275.72297236
ps.dTLB-store-misses: 107049.96663744695
ps.iTLB-loads: 102076.22361679997
ps.iTLB-load-misses: 129305.65950489332
ps.node-loads: 0.0
ps.node-load-misses: 0.0
ps.node-stores: 0.0
ps.node-store-misses: 0.0
ps.cpu-clock: 7783.369180037446
ps.task-clock: 7783.369180037446
ps.page-faults: 5433.575239902303
ps.context-switches: 4093.719290692852
ps.cpu-migrations: 25.649870242436418
ps.minor-faults: 5433.575239902303
ps.major-faults: 0.0
total.instructions: 4601302284.0
overall.ipc: 0.987412297115699
overall.cpi: 1.0127481730995964
overall.MPKI: 6.81755382798493
overall.cache-miss-rate%: 100.0001147606924
overall.cycles-between-cache-misses: 148.54991048357488
overall.branch-miss-rate%: 6.10943202033485
overall.dTLB-load-miss-rate%: 0.07465972164622856
overall.dTLB-store-miss-rate%: 0.05333475805338048
overall.iTLB-load-miss-rate%: 55.884089869251405
overall.instructions-per-iTLB-miss: 16595.323189006907
