mp3-OMXCall-4.run.average: 307.3333333333333
mp3-OMXCall-4.run.stddev: 13.324997394204457
mp3-OMXCall-4.period.average: 27532.25
mp3-OMXCall-4.period.stddev: 6831.5405793642185
mp3-OMXCall-4.slack.average: 0.0
mp3-OMXCall-4.slack.stddev: 0.0
mp3-OMXCall-4.wu_lat.average: 0.0
mp3-OMXCall-4.wu_lat.stddev: 0.0
mp3-AudioTick-0.run.average: 0.0
mp3-AudioTick-0.run.stddev: 0.0
mp3-AudioTick-0.period.average: 5458.6
mp3-AudioTick-0.period.stddev: 1613.9782650333307
mp3-AudioTick-0.slack.average: 5407.3
mp3-AudioTick-0.slack.stddev: 1619.4872058772185
mp3-AudioTick-0.wu_lat.average: 54.1
mp3-AudioTick-0.wu_lat.stddev: 2.3853720883753122
