read_bw_MBps: 117770.837890625
read_iops: 30149334.614981
read_clat_mean_us: 1286.465566
read_clat_stddev: 1094.77356
read_clat_90%_us: 1928
read_clat_95%_us: 2224
read_clat_99%_us: 2608
read_slat_mean_us: 0.0
read_slat_stddev: 0.0
write_bw_MBps: 0.0
write_iops: 0.0
write_clat_mean_us: 0.0
write_clat_stddev: 0.0
write_clat_90%_us: 0
write_clat_95%_us: 0
write_clat_99%_us: 0
write_slat_mean_us: 0.0
write_slat_stddev: 0.0
latency_2us%: 55.887325
latency_4us%: 8.229413
latency_10us%: 0.07223
latency_20us%: 0.438306
latency_50us%: 0.01
latency_100us%: 0.01
latency_250us%: 0.01
latency_500us%: 0.01
latency_750us%: 0.01
latency_1000us%: 0.0
latency_2ms%: 0.0
latency_4ms%: 0.0
latency_10ms%: 0.0
latency_20ms%: 0.01
latency_50ms%: 0.01
latency_100ms%: 0.0
latency_250ms%: 0.0
latency_500ms%: 0.0
latency_750ms%: 0.0
latency_1000ms%: 0.0
latency_2000ms%: 0.0
latency_>=2000ms%: 0.0
workload: 6029957371
